1 0 0 0 0 1 0 0 0 0 1 0 0 0 0 1 
1 0 0 0 0 1 0 0 0 0 1 0 0 0 0 1 
1 0 0 0 0 1 0 0 0 0 1 0 0 0 0 1 
1 0 0 0 0 1 0 0 0 0 1 0 0 0 0 1 
1 0 0 0 0 1 0 0 0 0 1 0 0 0 0 1 
1 0 0 0 0 1 0 0 0 0 1 0 0 0 0 1 
1 0 0 0 0 1 0 0 0 0 1 0 0 0 0 1 
1 0 0 0 0 1 0 0 0 0 1 0 0 0 0 1 
1 0 0 0 0 1 0 0 0 0 1 0 0 0 0 1 
1 0 0 0 0 1 0 0 0 0 1 0 0 0 0 1 
1 0 0 0 0 1 0 0 0 0 1 0 0 0 0 1 
1 0 0 0 0 1 0 0 0 0 1 0 0 0 0 1 
1 0 0 0 0 1 0 0 0 0 1 0 0 0 0 1 
1 0 0 0 0 1 0 0 0 0 1 0 0 0 0 1 
1 0 0 0 0 1 0 0 0 0 1 0 0 0 0 1 
1 0 0 0 0 1 0 0 0 0 1 0 0 0 0 1 
1 0 0 0 0 1 0 0 0 0 1 0 0 0 0 1 
1 0 0 0 0 1 0 0 0 0 1 0 0 0 0 1 
1 0 0 0 0 1 0 0 0 0 1 0 0 0 0 1 
1 0 0 0 0 1 0 0 0 0 1 0 0 0 0 1 
1 0 0 0 0 1 0 0 0 0 1 0 0 0 0 1 
1 0 0 0 0 1 0 0 0 0 1 0 0 0 0 1 
1 0 0 0 0 1 0 0 0 0 1 0 0 0 0 1 
1 0 0 0 0 1 0 0 0 0 1 0 0 0 0 1 
1 0 0 0 0 1 0 0 0 0 1 0 0 0 0 1 
1 0 0 0 0 1 0 0 0 0 1 0 0 0 0 1 
1 0 0 0 0 1 0 0 0 0 1 0 0 0 0 1 
1 0 0 0 0 1 0 0 0 0 1 0 0 0 0 1 
1 0 0 0 0 1 0 0 0 0 1 0 0 0 0 1 
1 0 0 0 0 1 0 0 0 0 1 0 0 0 0 1 
1 0 0 0 0 1 0 0 0 0 1 0 0 0 0 1 
1 0 0 0 0 1 0 0 0 0 1 0 0 0 0 1 
1 0 0 0 0 1 0 0 0 0 1 0 0 0 0 1 
1 0 0 0 0 1 0 0 0 0 1 0 0 0 0 1 
1 0 0 0 0 1 0 0 0 0 1 0 0 0 0 1 
1 0 0 0 0 1 0 0 0 0 1 0 0 0 0 1 
1 0 0 0 0 1 0 0 0 0 1 0 0 0 0 1 
1 0 0 0 0 1 0 0 0 0 1 0 0 0 0 1 
1 0 0 0 0 1 0 0 0 0 1 0 0 0 0 1 
1 0 0 0 0 1 0 0 0 0 1 0 0 0 0 1 
1 0 0 0 0 1 0 0 0 0 1 0 0 0 0 1 
1 0 0 0 0 1 0 0 0 0 1 0 0 0 0 1 
1 0 0 0 0 1 0 0 0 0 1 0 0 0 0 1 
1 0 0 0 0 1 0 0 0 0 1 0 0 0 0 1 
1 0 0 0 0 1 0 0 0 0 1 0 0 0 0 1 
1 0 0 0 0 1 0 0 0 0 1 0 0 0 0 1 
1 0 0 0 0 1 0 0 0 0 1 0 0 0 0 1 
1 0 0 0 0 1 0 0 0 0 1 0 0 0 0 1 
1 0 0 0 0 1 0 0 0 0 1 0 0 0 0 1 
1 0 0 0 0 1 0 0 0 0 1 0 0 0 0 1 
1 0 0 0 0 1 0 0 0 0 1 0 0 0 0 1 
1 0 0 0 0 1 0 0 0 0 1 0 0 0 0 1 
1 0 0 0 0 1 0 0 0 0 1 0 0 0 0 1 
1 0 0 0 0 1 0 0 0 0 1 0 0 0 0 1 
1 0 0 0 0 1 0 0 0 0 1 0 0 0 0 1 
1 0 0 0 0 1 0 0 0 0 1 0 0 0 0 1 
1 0 0 0 0 1 0 0 0 0 1 0 0 0 0 1 
1 0 0 0 0 1 0 0 0 0 1 0 0 0 0 1 
1 0 0 0 0 1 0 0 0 0 1 0 0 0 0 1 
1 0 0 0 0 1 0 0 0 0 1 0 0 0 0 1 
1 0 0 0 0 1 0 0 0 0 1 0 0 0 0 1 
1 0 0 0 0 1 0 0 0 0 1 0 0 0 0 1 
1 0 0 0 0 1 0 0 0 0 1 0 0 0 0 1 
1 0 0 0 0 1 0 0 0 0 1 0 0 0 0 1 
1 0 0 0 0 1 0 0 0 0 1 0 0 0 0 1 
1 0 0 0 0 1 0 0 0 0 1 0 0 0 0 1 
1 0 0 0 0 1 0 0 0 0 1 0 0 0 0 1 
1 0 0 0 0 1 0 0 0 0 1 0 0 0 0 1 
1 0 0 0 0 1 0 0 0 0 1 0 0 0 0 1 
1 0 0 0 0 1 0 0 0 0 1 0 0 0 0 1 
1 0 0 0 0 1 0 0 0 0 1 0 0 0 0 1 
1 0 0 0 0 1 0 0 0 0 1 0 0 0 0 1 
1 0 0 0 0 1 0 0 0 0 1 0 0 0 0 1 
1 0 0 0 0 1 0 0 0 0 1 0 0 0 0 1 
1 0 0 0 0 1 0 0 0 0 1 0 0 0 0 1 
1 0 0 0 0 1 0 0 0 0 1 0 0 0 0 1 
1 0 0 0 0 1 0 0 0 0 1 0 0 0 0 1 
1 0 0 0 0 1 0 0 0 0 1 0 0 0 0 1 
1 0 0 0 0 1 0 0 0 0 1 0 0 0 0 1 
1 0 0 0 0 1 0 0 0 0 1 0 0 0 0 1 
1 0 0 0 0 1 0 0 0 0 1 0 0 0 0 1 
1 0 0 0 0 1 0 0 0 0 1 0 0 0 0 1 
1 0 0 0 0 1 0 0 0 0 1 0 0 0 0 1 
1 0 0 0 0 1 0 0 0 0 1 0 0 0 0 1 
1 0 0 0 0 1 0 0 0 0 1 0 0 0 0 1 
1 0 0 0 0 1 0 0 0 0 1 0 0 0 0 1 
1 0 0 0 0 1 0 0 0 0 1 0 0 0 0 1 
1 0 0 0 0 1 0 0 0 0 1 0 0 0 0 1 
1 0 0 0 0 1 0 0 0 0 1 0 0 0 0 1 
1 0 0 0 0 1 0 0 0 0 1 0 0 0 0 1 
1 0 0 0 0 1 0 0 0 0 1 0 0 0 0 1 
1 0 0 0 0 1 0 0 0 0 1 0 0 0 0 1 
1 0 0 0 0 1 0 0 0 0 1 0 0 0 0 1 
1 0 0 0 0 1 0 0 0 0 1 0 0 0 0 1 
1 0 0 0 0 1 0 0 0 0 1 0 0 0 0 1 
1 0 0 0 0 1 0 0 0 0 1 0 0 0 0 1 
1 0 0 0 0 1 0 0 0 0 1 0 0 0 0 1 
1 0 0 0 0 1 0 0 0 0 1 0 0 0 0 1 
1 0 0 0 0 1 0 0 0 0 1 0 0 0 0 1 
1 0 0 0 0 1 0 0 0 0 1 0 0 0 0 1 
1 0 0 0 0 1 0 0 0 0 1 0 0 0 0 1 
1 0 0 0 0 1 0 0 0 0 1 0 0 0 0 1 
1 0 0 0 0 1 0 0 0 0 1 0 0 0 0 1 
1 0 0 0 0 1 0 0 0 0 1 0 0 0 0 1 
1 0 0 0 0 1 0 0 0 0 1 0 0 0 0 1 
1 0 0 0 0 1 0 0 0 0 1 0 0 0 0 1 
1 0 0 0 0 1 0 0 0 0 1 0 0 0 0 1 
1 0 0 0 0 1 0 0 0 0 1 0 0 0 0 1 
1 0 0 0 0 1 0 0 0 0 1 0 0 0 0 1 
1 0 0 0 0 1 0 0 0 0 1 0 0 0 0 1 
1 0 0 0 0 1 0 0 0 0 1 0 0 0 0 1 
1 0 0 0 0 1 0 0 0 0 1 0 0 0 0 1 
1 0 0 0 0 1 0 0 0 0 1 0 0 0 0 1 
1 0 0 0 0 1 0 0 0 0 1 0 0 0 0 1 
1 0 0 0 0 1 0 0 0 0 1 0 0 0 0 1 
1 0 0 0 0 1 0 0 0 0 1 0 0 0 0 1 
1 0 0 0 0 1 0 0 0 0 1 0 0 0 0 1 
1 0 0 0 0 1 0 0 0 0 1 0 0 0 0 1 
1 0 0 0 0 1 0 0 0 0 1 0 0 0 0 1 
1 0 0 0 0 1 0 0 0 0 1 0 0 0 0 1 
1 0 0 0 0 1 0 0 0 0 1 0 0 0 0 1 
1 0 0 0 0 1 0 0 0 0 1 0 0 0 0 1 
1 0 0 0 0 1 0 0 0 0 1 0 0 0 0 1 
1 0 0 0 0 1 0 0 0 0 1 0 0 0 0 1 
1 0 0 0 0 1 0 0 0 0 1 0 0 0 0 1 
1 0 0 0 0 1 0 0 0 0 1 0 0 0 0 1 
1 0 0 0 0 1 0 0 0 0 1 0 0 0 0 1 
1 0 0 0 0 1 0 0 0 0 1 0 0 0 0 1 
1 0 0 0 0 1 0 0 0 0 1 0 0 0 0 1 
1 0 0 0 0 1 0 0 0 0 1 0 0 0 0 1 
1 0 0 0 0 1 0 0 0 0 1 0 0 0 0 1 
1 0 0 0 0 1 0 0 0 0 1 0 0 0 0 1 
1 0 0 0 0 1 0 0 0 0 1 0 0 0 0 1 
1 0 0 0 0 1 0 0 0 0 1 0 0 0 0 1 
1 0 0 0 0 1 0 0 0 0 1 0 0 0 0 1 
1 0 0 0 0 1 0 0 0 0 1 0 0 0 0 1 
1 0 0 0 0 1 0 0 0 0 1 0 0 0 0 1 
1 0 0 0 0 1 0 0 0 0 1 0 0 0 0 1 
1 0 0 0 0 1 0 0 0 0 1 0 0 0 0 1 
1 0 0 0 0 1 0 0 0 0 1 0 0 0 0 1 
1 0 0 0 0 1 0 0 0 0 1 0 0 0 0 1 
1 0 0 0 0 1 0 0 0 0 1 0 0 0 0 1 
1 0 0 0 0 1 0 0 0 0 1 0 0 0 0 1 
1 0 0 0 0 1 0 0 0 0 1 0 0 0 0 1 
1 0 0 0 0 1 0 0 0 0 1 0 0 0 0 1 
1 0 0 0 0 1 0 0 0 0 1 0 0 0 0 1 
1 0 0 0 0 1 0 0 0 0 1 0 0 0 0 1 
1 0 0 0 0 1 0 0 0 0 1 0 0 0 0 1 
1 0 0 0 0 1 0 0 0 0 1 0 0 0 0 1 
1 0 0 0 0 1 0 0 0 0 1 0 0 0 0 1 
1 0 0 0 0 1 0 0 0 0 1 0 0 0 0 1 
1 0 0 0 0 1 0 0 0 0 1 0 0 0 0 1 
1 0 0 0 0 1 0 0 0 0 1 0 0 0 0 1 
1 0 0 0 0 1 0 0 0 0 1 0 0 0 0 1 
1 0 0 0 0 1 0 0 0 0 1 0 0 0 0 1 
1 0 0 0 0 1 0 0 0 0 1 0 0 0 0 1 
1 0 0 0 0 1 0 0 0 0 1 0 0 0 0 1 
1 0 0 0 0 1 0 0 0 0 1 0 0 0 0 1 
1 0 0 0 0 1 0 0 0 0 1 0 0 0 0 1 
1 0 0 0 0 1 0 0 0 0 1 0 0 0 0 1 
1 0 0 0 0 1 0 0 0 0 1 0 0 0 0 1 
1 0 0 0 0 1 0 0 0 0 1 0 0 0 0 1 
1 0 0 0 0 1 0 0 0 0 1 0 0 0 0 1 
1 0 0 0 0 1 0 0 0 0 1 0 0 0 0 1 
1 0 0 0 0 1 0 0 0 0 1 0 0 0 0 1 
1 0 0 0 0 1 0 0 0 0 1 0 0 0 0 1 
1 0 0 0 0 1 0 0 0 0 1 0 0 0 0 1 
1 0 0 0 0 1 0 0 0 0 1 0 0 0 0 1 
1 0 0 0 0 1 0 0 0 0 1 0 0 0 0 1 
1 0 0 0 0 1 0 0 0 0 1 0 0 0 0 1 
1 0 0 0 0 1 0 0 0 0 1 0 0 0 0 1 
1 0 0 0 0 1 0 0 0 0 1 0 0 0 0 1 
1 0 0 0 0 1 0 0 0 0 1 0 0 0 0 1 
1 0 0 0 0 1 0 0 0 0 1 0 0 0 0 1 
1 0 0 0 0 1 0 0 0 0 1 0 0 0 0 1 
1 0 0 0 0 1 0 0 0 0 1 0 0 0 0 1 
1 0 0 0 0 1 0 0 0 0 1 0 0 0 0 1 
1 0 0 0 0 1 0 0 0 0 1 0 0 0 0 1 
1 0 0 0 0 1 0 0 0 0 1 0 0 0 0 1 
1 0 0 0 0 1 0 0 0 0 1 0 0 0 0 1 
1 0 0 0 0 1 0 0 0 0 1 0 0 0 0 1 
1 0 0 0 0 1 0 0 0 0 1 0 0 0 0 1 
1 0 0 0 0 1 0 0 0 0 1 0 0 0 0 1 
1 0 0 0 0 1 0 0 0 0 1 0 0 0 0 1 
1 0 0 0 0 1 0 0 0 0 1 0 0 0 0 1 
1 0 0 0 0 1 0 0 0 0 1 0 0 0 0 1 
1 0 0 0 0 1 0 0 0 0 1 0 0 0 0 1 
1 0 0 0 0 1 0 0 0 0 1 0 0 0 0 1 
1 0 0 0 0 1 0 0 0 0 1 0 0 0 0 1 
1 0 0 0 0 1 0 0 0 0 1 0 0 0 0 1 
1 0 0 0 0 1 0 0 0 0 1 0 0 0 0 1 
1 0 0 0 0 1 0 0 0 0 1 0 0 0 0 1 
1 0 0 0 0 1 0 0 0 0 1 0 0 0 0 1 
1 0 0 0 0 1 0 0 0 0 1 0 0 0 0 1 
1 0 0 0 0 1 0 0 0 0 1 0 0 0 0 1 
1 0 0 0 0 1 0 0 0 0 1 0 0 0 0 1 
1 0 0 0 0 1 0 0 0 0 1 0 0 0 0 1 
1 0 0 0 0 1 0 0 0 0 1 0 0 0 0 1 
1 0 0 0 0 1 0 0 0 0 1 0 0 0 0 1 
1 0 0 0 0 1 0 0 0 0 1 0 0 0 0 1 
1 0 0 0 0 1 0 0 0 0 1 0 0 0 0 1 
1 0 0 0 0 1 0 0 0 0 1 0 0 0 0 1 
1 0 0 0 0 1 0 0 0 0 1 0 0 0 0 1 
1 0 0 0 0 1 0 0 0 0 1 0 0 0 0 1 
1 0 0 0 0 1 0 0 0 0 1 0 0 0 0 1 
1 0 0 0 0 1 0 0 0 0 1 0 0 0 0 1 
1 0 0 0 0 1 0 0 0 0 1 0 0 0 0 1 
1 0 0 0 0 1 0 0 0 0 1 0 0 0 0 1 
1 0 0 0 0 1 0 0 0 0 1 0 0 0 0 1 
1 0 0 0 0 1 0 0 0 0 1 0 0 0 0 1 
1 0 0 0 0 1 0 0 0 0 1 0 0 0 0 1 
1 0 0 0 0 1 0 0 0 0 1 0 0 0 0 1 
1 0 0 0 0 1 0 0 0 0 1 0 0 0 0 1 
1 0 0 0 0 1 0 0 0 0 1 0 0 0 0 1 
1 0 0 0 0 1 0 0 0 0 1 0 0 0 0 1 
1 0 0 0 0 1 0 0 0 0 1 0 0 0 0 1 
1 0 0 0 0 1 0 0 0 0 1 0 0 0 0 1 
1 0 0 0 0 1 0 0 0 0 1 0 0 0 0 1 
1 0 0 0 0 1 0 0 0 0 1 0 0 0 0 1 
1 0 0 0 0 1 0 0 0 0 1 0 0 0 0 1 
1 0 0 0 0 1 0 0 0 0 1 0 0 0 0 1 
1 0 0 0 0 1 0 0 0 0 1 0 0 0 0 1 
1 0 0 0 0 1 0 0 0 0 1 0 0 0 0 1 
1 0 0 0 0 1 0 0 0 0 1 0 0 0 0 1 
1 0 0 0 0 1 0 0 0 0 1 0 0 0 0 1 
1 0 0 0 0 1 0 0 0 0 1 0 0 0 0 1 
1 0 0 0 0 1 0 0 0 0 1 0 0 0 0 1 
1 0 0 0 0 1 0 0 0 0 1 0 0 0 0 1 
1 0 0 0 0 1 0 0 0 0 1 0 0 0 0 1 
1 0 0 0 0 1 0 0 0 0 1 0 0 0 0 1 
1 0 0 0 0 1 0 0 0 0 1 0 0 0 0 1 
1 0 0 0 0 1 0 0 0 0 1 0 0 0 0 1 
1 0 0 0 0 1 0 0 0 0 1 0 0 0 0 1 
1 0 0 0 0 1 0 0 0 0 1 0 0 0 0 1 
1 0 0 0 0 1 0 0 0 0 1 0 0 0 0 1 
1 0 0 0 0 1 0 0 0 0 1 0 0 0 0 1 
1 0 0 0 0 1 0 0 0 0 1 0 0 0 0 1 
1 0 0 0 0 1 0 0 0 0 1 0 0 0 0 1 
1 0 0 0 0 1 0 0 0 0 1 0 0 0 0 1 
1 0 0 0 0 1 0 0 0 0 1 0 0 0 0 1 
1 0 0 0 0 1 0 0 0 0 1 0 0 0 0 1 
1 0 0 0 0 1 0 0 0 0 1 0 0 0 0 1 
1 0 0 0 0 1 0 0 0 0 1 0 0 0 0 1 
1 0 0 0 0 1 0 0 0 0 1 0 0 0 0 1 
1 0 0 0 0 1 0 0 0 0 1 0 0 0 0 1 
1 0 0 0 0 1 0 0 0 0 1 0 0 0 0 1 
1 0 0 0 0 1 0 0 0 0 1 0 0 0 0 1 
1 0 0 0 0 1 0 0 0 0 1 0 0 0 0 1 
1 0 0 0 0 1 0 0 0 0 1 0 0 0 0 1 
1 0 0 0 0 1 0 0 0 0 1 0 0 0 0 1 
1 0 0 0 0 1 0 0 0 0 1 0 0 0 0 1 
1 0 0 0 0 1 0 0 0 0 1 0 0 0 0 1 
1 0 0 0 0 1 0 0 0 0 1 0 0 0 0 1 
0.99994 -0.00274157 0.0106067 0 0.00292878 0.999839 -0.0176749 0 -0.0105565 0.0177049 0.999788 0 -0.0378297 0.00604681 0.00284151 1 
0.999913 -0.0044487 0.0123879 0 0.00471681 0.999753 -0.0216988 0 -0.0122883 0.0217554 0.999688 0 -0.0492234 0.0078432 0.00279903 1 
0.999875 -0.00663603 0.0143391 0 0.0069958 0.999658 -0.025187 0 -0.0141671 0.0252842 0.99958 0 -0.0632913 0.0123273 0.00319323 1 
0.999813 -0.010648 0.0161134 0 0.0111516 0.999442 -0.0314918 0 -0.0157691 0.0316657 0.999374 0 -0.0798875 0.0141644 0.00381161 1 
0.999257 -0.0220994 0.0315634 0 0.0232805 0.999023 -0.0375565 0 -0.0307026 0.0382634 0.998796 0 -0.085976 0.00978716 0.00798049 1 
0.998836 -0.0302162 0.0376075 0 0.0315593 0.998866 -0.0356476 0 -0.0364877 0.036793 0.998657 0 -0.0962758 0.0179328 0.00944958 1 
0.998177 -0.0396351 0.045509 0 0.0416961 0.998104 -0.0452676 0 -0.0436285 0.0470827 0.997938 0 -0.102833 0.0170146 0.014628 1 
0.997197 -0.0541516 0.0516219 0 0.0566682 0.997209 -0.0486006 0 -0.0488461 0.0513898 0.997483 0 -0.112182 0.0185736 0.0179212 1 
0.997197 -0.0541516 0.0516219 0 0.0566682 0.997209 -0.0486006 0 -0.0488461 0.0513898 0.997483 0 -0.112182 0.0185736 0.0179212 1 
0.996147 -0.0669515 0.0566449 0 0.0700599 0.996037 -0.0547943 0 -0.0527519 0.0585517 0.99689 0 -0.117889 0.0171655 0.0189726 1 
0.99539 -0.0764883 0.0578681 0 0.0797822 0.995185 -0.0569279 0 -0.0532352 0.0612823 0.9967 0 -0.127954 0.0202422 0.0213854 1 
0.994395 -0.0858371 0.0617358 0 0.089936 0.993691 -0.0669997 0 -0.0555953 0.0721764 0.995841 0 -0.137316 0.0191593 0.0217577 1 
0.993226 -0.0926334 0.0701528 0 0.097759 0.992489 -0.0735418 0 -0.0628135 0.0799017 0.994822 0 -0.14662 0.0139133 0.0234948 1 
0.992466 -0.094793 0.0776195 0 0.100463 0.992279 -0.0727314 0 -0.0701258 0.0799813 0.994327 0 -0.154105 0.0197112 0.0224161 1 
0.991468 -0.0988831 0.0849293 0 0.105811 0.991052 -0.0813602 0 -0.0761243 0.0896525 0.99306 0 -0.162661 0.017661 0.024867 1 
0.991115 -0.0969009 0.09111 0 0.104855 0.990675 -0.0869932 0 -0.0818307 0.0957736 0.992034 0 -0.174388 0.0125299 0.0240288 1 
0.990149 -0.0982227 0.0997872 0 0.106645 0.990836 -0.0828959 0 -0.0907305 0.0927211 0.99155 0 -0.180545 0.0129716 0.0250194 1 
0.989417 -0.104339 0.100831 0 0.112273 0.990728 -0.0765005 0 -0.0919138 0.0870115 0.991958 0 -0.195888 0.0145991 0.0233334 1 
0.988216 -0.105483 0.110918 0 0.11391 0.990835 -0.072592 0 -0.102244 0.0843712 0.991175 0 -0.203991 0.0181341 0.024448 1 
0.988216 -0.105483 0.110918 0 0.11391 0.990835 -0.072592 0 -0.102244 0.0843712 0.991175 0 -0.203991 0.0181341 0.024448 1 
0.986704 -0.113748 0.116091 0 0.12207 0.990239 -0.067269 0 -0.107306 0.0805458 0.990958 0 -0.219858 0.0219299 0.0257185 1 
0.984722 -0.119058 0.127073 0 0.127858 0.989759 -0.063472 0 -0.118215 0.0787496 0.98986 0 -0.230091 0.0272674 0.0231304 1 
0.982121 -0.126291 0.1396 0 0.137081 0.988044 -0.0705531 0 -0.129021 0.0884283 0.987691 0 -0.239086 0.0292554 0.0221474 1 
0.978783 -0.137951 0.151504 0 0.15065 0.985679 -0.0757671 0 -0.138883 0.0969837 0.985548 0 -0.251058 0.0276923 0.024532 1 
0.975423 -0.146192 0.164854 0 0.160254 0.98419 -0.0754278 0 -0.151221 0.0999926 0.98343 0 -0.261691 0.0286319 0.0226397 1 
0.971622 -0.151588 0.18158 0 0.167303 0.983085 -0.0745198 0 -0.167213 0.102784 0.980549 0 -0.26484 0.0332923 0.0224282 1 
0.967652 -0.160853 0.194359 0 0.178844 0.98072 -0.0787545 0 -0.177944 0.110967 0.977764 0 -0.271451 0.0379 0.0228247 1 
0.964678 -0.165833 0.204683 0 0.187199 0.978215 -0.0897321 0 -0.185344 0.124879 0.974707 0 -0.277006 0.0326253 0.0258395 1 
0.962598 -0.171431 0.209801 0 0.19305 0.977309 -0.0871738 0 -0.190096 0.124415 0.97385 0 -0.283438 0.0305669 0.0250049 1 
0.962598 -0.171431 0.209801 0 0.19305 0.977309 -0.0871738 0 -0.190096 0.124415 0.97385 0 -0.283438 0.0305669 0.0250049 1 
0.961199 -0.176717 0.21182 0 0.197901 0.976684 -0.0832128 0 -0.192176 0.121903 0.97376 0 -0.290965 0.0370147 0.0211601 1 
0.961298 -0.177516 0.2107 0 0.200052 0.97557 -0.0907924 0 -0.189436 0.129429 0.973325 0 -0.303636 0.0367941 0.0239663 1 
0.960067 -0.180485 0.213766 0 0.203533 0.974824 -0.0910577 0 -0.19195 0.13093 0.972632 0 -0.308354 0.0365631 0.0239679 1 
0.958804 -0.181199 0.218775 0 0.20468 0.974707 -0.0897364 0 -0.196981 0.130819 0.97164 0 -0.309477 0.037932 0.02367 1 
0.958086 -0.184925 0.218803 0 0.208694 0.973753 -0.0908367 0 -0.196262 0.132692 0.971532 0 -0.312797 0.0382721 0.022761 1 
0.956598 -0.187218 0.223314 0 0.212334 0.972653 -0.0941301 0 -0.199584 0.137462 0.970191 0 -0.314887 0.0374196 0.0229006 1 
0.956312 -0.187641 0.224182 0 0.212785 0.972604 -0.0936212 0 -0.200473 0.137234 0.97004 0 -0.31817 0.0380161 0.0226323 1 
0.955647 -0.188186 0.226551 0 0.213994 0.972193 -0.0951163 0 -0.202352 0.139378 0.969344 0 -0.317808 0.0379521 0.022319 1 
0.953864 -0.190551 0.232023 0 0.216531 0.971935 -0.0919629 0 -0.207988 0.13796 0.968353 0 -0.313648 0.0402598 0.0246152 1 
0.954026 -0.192672 0.229589 0 0.21772 0.97194 -0.0890524 0 -0.205989 0.134945 0.969205 0 -0.309827 0.0443165 0.0268785 1 
0.954923 -0.18763 0.230038 0 0.214485 0.97183 -0.0976866 0 -0.205229 0.142623 0.968266 0 -0.296277 0.037359 0.0271139 1 
0.954923 -0.18763 0.230038 0 0.214485 0.97183 -0.0976866 0 -0.205229 0.142623 0.968266 0 -0.296277 0.037359 0.0271139 1 
0.958683 -0.183831 0.2171 0 0.208558 0.973198 -0.0969003 0 -0.193468 0.138175 0.971328 0 -0.293053 0.0379736 0.0275752 1 
0.96104 -0.179093 0.210541 0 0.203318 0.974043 -0.0995133 0 -0.187254 0.138443 0.972507 0 -0.288422 0.0407967 0.0267859 1 
0.963128 -0.171274 0.207485 0 0.196119 0.974874 -0.10563 0 -0.184181 0.142427 0.972518 0 -0.280551 0.0365983 0.0291308 1 
0.96452 -0.169278 0.202596 0 0.193215 0.97555 -0.10474 0 -0.179912 0.140168 0.973645 0 -0.272895 0.0330875 0.0291979 1 
0.964987 -0.170794 0.19907 0 0.192815 0.976436 -0.0969243 0 -0.177826 0.131915 0.97518 0 -0.260534 0.03524 0.0336146 1 
0.969752 -0.164191 0.180617 0 0.1833 0.978489 -0.0946551 0 -0.16119 0.124899 0.978988 0 -0.25201 0.0361238 0.0327505 1 
0.971845 -0.164662 0.168532 0 0.182552 0.978426 -0.0967372 0 -0.148967 0.12478 0.980938 0 -0.251993 0.0326226 0.0319276 1 
0.971845 -0.164662 0.168532 0 0.182552 0.978426 -0.0967372 0 -0.148967 0.12478 0.980938 0 -0.251993 0.0326226 0.0319276 1 
0.971249 -0.159817 0.176447 0 0.177614 0.979971 -0.0900619 0 -0.158519 0.118812 0.980181 0 -0.231621 0.0283288 0.0374023 1 
0.975338 -0.154574 0.157553 0 0.169039 0.982117 -0.0828956 0 -0.141922 0.107484 0.984025 0 -0.230263 0.0321838 0.0276801 1 
0.974726 -0.153642 0.162184 0 0.169703 0.981354 -0.0902467 0 -0.145295 0.115489 0.982625 0 -0.224416 0.031582 0.0297978 1 
0.974498 -0.144166 0.171958 0 0.161967 0.982274 -0.0943595 0 -0.155306 0.119805 0.980575 0 -0.209025 0.0223341 0.0345078 1 
0.975342 -0.148207 0.163531 0 0.162581 0.983587 -0.0782569 0 -0.149248 0.102914 0.983429 0 -0.208797 0.0306803 0.0311446 1 
0.97086 -0.154461 0.18323 0 0.171087 0.982115 -0.0786075 0 -0.167811 0.107665 0.979922 0 -0.188866 0.0275 0.0359264 1 
0.970935 -0.155061 0.182324 0 0.171521 0.982073 -0.0781833 0 -0.166932 0.107183 0.980125 0 -0.163897 0.0172933 0.0372991 1 
0.975454 -0.152563 0.158792 0 0.165371 0.983689 -0.0707683 0 -0.145405 0.0952908 0.984773 0 -0.155447 0.0178506 0.0368894 1 
0.977085 -0.152226 0.148771 0 0.163453 0.984318 -0.0663345 0 -0.13634 0.0891315 0.986644 0 -0.14185 0.0128695 0.0370017 1 
0.981781 -0.138197 0.130412 0 0.146537 0.987582 -0.0566392 0 -0.120966 0.0747176 0.989841 0 -0.129295 0.0181723 0.0368752 1 
0.985591 -0.126192 0.11263 0 0.133523 0.989223 -0.06008 0 -0.103835 0.074253 0.991819 0 -0.129804 0.0175844 0.0343589 1 
0.985591 -0.126192 0.11263 0 0.133523 0.989223 -0.06008 0 -0.103835 0.074253 0.991819 0 -0.129804 0.0175844 0.0343589 1 
0.986016 -0.10969 0.125459 0 0.117859 0.991238 -0.0596334 0 -0.117819 0.0735859 0.990305 0 -0.107074 0.00809252 0.038604 1 
0.989525 -0.0935045 0.109989 0 0.0994903 0.993769 -0.0502431 0 -0.104606 0.0606596 0.992662 0 -0.0931542 0.0101154 0.0334567 1 
0.990751 -0.0927456 0.0990478 0 0.0979022 0.994012 -0.0485265 0 -0.0939541 0.0577747 0.993899 0 -0.0779091 0.0100344 0.0383641 1 
0.992547 -0.0837587 0.088511 0 0.0878227 0.995205 -0.0430572 0 -0.0844801 0.0505096 0.995144 0 -0.0530805 0.00518342 0.0428986 1 
0.995931 -0.0762976 0.0479648 0 0.0781547 0.996212 -0.0381122 0 -0.0448752 0.0417058 0.998122 0 -0.0433002 0.00555374 0.0375883 1 
0.997087 -0.0738755 0.0189894 0 0.0744914 0.996639 -0.0340805 0 -0.0164078 0.0353958 0.999239 0 -0.0372157 0.00381793 0.0404343 1 
0.997547 -0.0699908 -0.00105919 0 0.0699389 0.997205 -0.0262639 0 0.00289446 0.0261254 0.999654 0 -0.0274363 0.00461836 0.0396019 1 
0.997999 -0.0609443 -0.0168463 0 0.0604715 0.997797 -0.0272795 0 0.0184717 0.0262062 0.999486 0 -0.0218961 0.00500478 0.0366401 1 
0.998583 -0.0498591 -0.0186289 0 0.0493059 0.998361 -0.0290566 0 0.0200471 0.0280969 0.999404 0 -0.0170049 -3.95975e-06 0.0393734 1 
0.999428 -0.0325403 -0.00915918 0 0.0323096 0.999182 -0.0243035 0 0.00994254 0.0239937 0.999663 0 -0.00425802 0.000397288 0.0391541 1 
0.999428 -0.0325403 -0.00915918 0 0.0323096 0.999182 -0.0243035 0 0.00994254 0.0239937 0.999663 0 -0.00425802 0.000397288 0.0391541 1 
0.999839 -0.0175968 -0.00337936 0 0.0175173 0.999598 -0.0222859 0 0.00377017 0.0222231 0.999746 0 0.0179215 0.000305002 0.0395999 1 
0.999667 -0.0167499 -0.0196489 0 0.0163625 0.999672 -0.0197161 0 0.0199727 0.019388 0.999613 0 0.0276859 -0.00256327 0.0390318 1 
0.999177 -0.0208988 -0.0347562 0 0.0204866 0.999716 -0.0121755 0 0.0350008 0.0114535 0.999322 0 0.0401987 -0.00342341 0.0376383 1 
0.998414 -0.0211177 -0.0521817 0 0.0206728 0.999745 -0.00905113 0 0.0523595 0.00795803 0.998597 0 0.057488 -0.00526658 0.0379511 1 
0.996445 -0.0306505 -0.0784722 0 0.0307155 0.999528 -0.000379921 0 0.0784469 -0.00203174 0.996916 0 0.0550311 -0.00176283 0.0395275 1 
0.995698 -0.0412831 -0.0829501 0 0.0413811 0.999143 -0.000538805 0 0.0829013 -0.00289608 0.996554 0 0.0720554 -0.00277963 0.0368251 1 
0.993863 -0.047842 -0.0997336 0 0.0473159 0.998851 -0.00763564 0 0.0999843 0.0028698 0.994985 0 0.0924028 -0.00613069 0.032261 1 
0.991096 -0.0589064 -0.119414 0 0.0579868 0.998255 -0.0111635 0 0.119863 0.00413967 0.992782 0 0.101378 -0.0126915 0.0405356 1 
0.988359 -0.067923 -0.136139 0 0.0682264 0.997667 -0.00244124 0 0.135987 -0.00687545 0.990687 0 0.113978 -0.0173061 0.03937 1 
0.985984 -0.0701493 -0.151373 0 0.0727301 0.997285 0.0115732 0 0.15015 -0.0224204 0.988409 0 0.119235 -0.0139409 0.0427093 1 
0.986594 -0.0695507 -0.147632 0 0.0741502 0.996911 0.025877 0 0.145376 -0.0364771 0.988704 0 0.135457 -0.013387 0.0492698 1 
0.986818 -0.0661826 -0.147679 0 0.0727602 0.996564 0.0395848 0 0.144552 -0.0498082 0.988243 0 0.144476 -0.0134649 0.0484229 1 
0.988395 -0.0555167 -0.141397 0 0.0631834 0.996733 0.0503183 0 0.138141 -0.0586683 0.988673 0 0.155732 -0.0122245 0.0508865 1 
0.988395 -0.0555167 -0.141397 0 0.0631834 0.996733 0.0503183 0 0.138141 -0.0586683 0.988673 0 0.155732 -0.0122245 0.0508865 1 
0.989454 -0.0487078 -0.136413 0 0.0568144 0.996803 0.0561761 0 0.13324 -0.0633339 0.989058 0 0.164647 -0.011228 0.0508542 1 
0.99045 -0.035295 -0.133278 0 0.0435043 0.997298 0.0591934 0 0.130829 -0.0644262 0.989309 0 0.175006 -0.0151015 0.0489838 1 
0.991219 -0.0157417 -0.131293 0 0.0248395 0.99738 0.067947 0 0.129879 -0.0706116 0.989012 0 0.180516 -0.0136532 0.0497244 1 
0.99232 -0.00156354 -0.123686 0 0.0105416 0.997351 0.0719668 0 0.123245 -0.072718 0.989708 0 0.187741 -0.0152069 0.0498363 1 
0.993245 0.00626286 -0.11587 0 0.00275671 0.996987 0.0775183 0 0.116007 -0.077314 0.990235 0 0.196095 -0.0154575 0.0504878 1 
0.993955 0.0172722 -0.108419 0 -0.00832336 0.99656 0.0824558 0 0.10947 -0.0810549 0.99068 0 0.203336 -0.0146868 0.0499745 1 
0.994463 0.0300888 -0.100684 0 -0.0215156 0.996133 0.0851774 0 0.102857 -0.0825395 0.991266 0 0.218746 -0.0119838 0.0478448 1 
0.992849 0.045405 -0.110408 0 -0.0366658 0.996126 0.0799349 0 0.11361 -0.075315 0.990667 0 0.226787 -0.0123683 0.0463714 1 
0.990626 0.0524837 -0.126118 0 -0.0430977 0.996174 0.0760329 0 0.129626 -0.0698847 0.989097 0 0.228313 -0.0138808 0.0462473 1 
0.989069 0.0572879 -0.135872 0 -0.0475957 0.996156 0.0735417 0 0.139562 -0.0662709 0.987993 0 0.229262 -0.0125986 0.0465504 1 
0.987924 0.0624405 -0.141802 0 -0.0528489 0.996116 0.0704311 0 0.145649 -0.0620865 0.987386 0 0.232161 -0.00384719 0.0491318 1 
0.987924 0.0624405 -0.141802 0 -0.0528489 0.996116 0.0704311 0 0.145649 -0.0620865 0.987386 0 0.232161 -0.00384719 0.0491318 1 
0.985872 0.065792 -0.154036 0 -0.0583103 0.996912 0.0526003 0 0.157021 -0.0428753 0.986664 0 0.227687 -0.00870457 0.0528315 1 
0.984831 0.0596388 -0.162943 0 -0.0532732 0.997647 0.0431639 0 0.165134 -0.0338287 0.985691 0 0.215529 -0.0153428 0.0523583 1 
0.986733 0.0556521 -0.152512 0 -0.0497952 0.997878 0.0419596 0 0.154524 -0.0338085 0.98741 0 0.213581 -0.00903905 0.0514152 1 
0.98816 0.0608684 -0.140838 0 -0.0567148 0.997834 0.033324 0 0.142562 -0.0249418 0.989472 0 0.218345 -0.0106951 0.048727 1 
0.988411 0.0636064 -0.13783 0 -0.060392 0.997799 0.0273836 0 0.139268 -0.0187425 0.990077 0 0.210202 -0.0115219 0.0490789 1 
0.989683 0.0618005 -0.129263 0 -0.0591672 0.997957 0.0241175 0 0.13049 -0.0162205 0.991317 0 0.20343 -0.0110455 0.0515263 1 
0.99156 0.0575286 -0.116185 0 -0.055317 0.998223 0.0221734 0 0.117255 -0.0155592 0.99298 0 0.200419 -0.0108143 0.0492563 1 
0.99235 0.0551778 -0.110442 0 -0.0534604 0.998399 0.0184543 0 0.111284 -0.0124088 0.993711 0 0.194999 -0.00950085 0.0457717 1 
0.992712 0.0499651 -0.109665 0 -0.0492483 0.998744 0.00923669 0 0.109989 -0.00376856 0.993926 0 0.186495 -0.0097474 0.0473439 1 
0.993388 0.0388019 -0.10805 0 -0.0387203 0.999246 0.00285428 0 0.108079 0.00134831 0.994141 0 0.174416 -0.0171631 0.0472097 1 
0.994856 0.0299255 -0.0967747 0 -0.0290548 0.999524 0.0103936 0 0.0970396 -0.00752839 0.995252 0 0.166414 -0.0122191 0.0431238 1 
0.994856 0.0299255 -0.0967747 0 -0.0290548 0.999524 0.0103936 0 0.0970396 -0.00752839 0.995252 0 0.166414 -0.0122191 0.0431238 1 
0.995466 0.0270478 -0.0911954 0 -0.0263562 0.999614 0.00877944 0 0.0913977 -0.00633607 0.995794 0 0.159069 -0.00629051 0.0412939 1 
0.995527 0.0310322 -0.0892367 0 -0.0310143 0.999518 0.00158691 0 0.0892429 0.0011878 0.996009 0 0.148676 -0.0104507 0.0417025 1 
0.996078 0.0334128 -0.0819321 0 -0.0331846 0.999441 0.00414496 0 0.0820248 -0.00140982 0.996629 0 0.134246 -0.0114265 0.0371973 1 
0.996942 0.0330753 -0.0708006 0 -0.0327821 0.999448 0.00529969 0 0.0709369 -0.00296249 0.997476 0 0.119464 -0.0041018 0.0373167 1 
0.997702 0.0365277 -0.057068 0 -0.0369319 0.9993 -0.00604294 0 0.0568073 0.00813668 0.998352 0 0.113332 -0.0128602 0.0366625 1 
0.997843 0.0420204 -0.0504344 0 -0.0421689 0.999109 -0.00188292 0 0.0503104 0.00400562 0.998726 0 0.0913721 -0.0199647 0.031417 1 
0.998738 0.0395724 -0.0309401 0 -0.0391499 0.999133 0.0141417 0 0.0314729 -0.0129125 0.999421 0 0.0786682 -0.010904 0.0295842 1 
0.999301 0.0323177 -0.018803 0 -0.0321601 0.999445 0.00862708 0 0.0190714 -0.00801634 0.999786 0 0.0595683 -0.00778464 0.0308999 1 
0.999456 0.0328357 -0.00298148 0 -0.0328227 0.999452 0.00431056 0 0.00312138 -0.00421036 0.999986 0 0.0496251 -0.0150585 0.0316314 1 
0.999727 0.0224181 0.00656452 0 -0.0224794 0.999703 0.00941607 0 -0.00635148 -0.00956107 0.999934 0 0.0326495 -0.0115143 0.0304943 1 
0.999825 0.00883571 0.0164625 0 -0.00889564 0.999954 0.00357045 0 -0.0164302 -0.00371627 0.999858 0 0.0154129 -0.00931142 0.0275442 1 
0.999825 0.00883571 0.0164625 0 -0.00889564 0.999954 0.00357045 0 -0.0164302 -0.00371627 0.999858 0 0.0154129 -0.00931142 0.0275442 1 
0.999612 0.00468021 0.0274524 0 -0.00451172 0.999971 -0.00619626 0 -0.0274806 0.00607 0.999604 0 0.00168522 -0.0112514 0.0290108 1 
0.99927 -0.00303019 0.0380804 0 0.00339309 0.999949 -0.00946866 0 -0.0380498 0.00959096 0.99923 0 -0.0123942 -0.0119729 0.0288642 1 
0.998854 -0.012253 0.0462678 0 0.0126347 0.999888 -0.00796767 0 -0.046165 0.00854312 0.998897 0 -0.0260795 -0.00893663 0.0281688 1 
0.998389 -0.0226435 0.0520351 0 0.0233205 0.999651 -0.0124402 0 -0.0517352 0.0136336 0.998568 0 -0.0374636 -0.00802967 0.0295832 1 
0.998115 -0.0290533 0.0540583 0 0.0300837 0.999379 -0.0183453 0 -0.0534918 0.019937 0.998369 0 -0.0470773 -0.00837376 0.0295823 1 
0.998083 -0.0351931 0.0509024 0 0.0362917 0.999124 -0.0208211 0 -0.050125 0.0226285 0.998487 0 -0.0603991 -0.00881319 0.0291068 1 
0.997665 -0.0447791 0.0515656 0 0.0459514 0.998706 -0.0217765 0 -0.0505238 0.0240952 0.998432 0 -0.0699041 -0.00986841 0.0298097 1 
0.997398 -0.0555089 0.0459907 0 0.0564482 0.998217 -0.0193828 0 -0.0448328 0.0219284 0.998754 0 -0.0811237 -0.00869731 0.0298839 1 
0.997139 -0.0642779 0.0397752 0 0.0650445 0.997715 -0.0182864 0 -0.0385089 0.0208213 0.999041 0 -0.0935953 -0.00997074 0.0300756 1 
0.996984 -0.0676322 0.0380619 0 0.0682773 0.99754 -0.01591 0 -0.0368923 0.0184608 0.999149 0 -0.104059 -0.00875806 0.029767 1 
0.996672 -0.0749074 0.0321592 0 0.0753997 0.99705 -0.0143772 0 -0.0309874 0.0167541 0.999379 0 -0.116479 -0.0045773 0.0304403 1 
0.996672 -0.0749074 0.0321592 0 0.0753997 0.99705 -0.0143772 0 -0.0309874 0.0167541 0.999379 0 -0.116479 -0.0045773 0.0304403 1 
0.99602 -0.0846615 0.0278695 0 0.0851177 0.996249 -0.015611 0 -0.0264433 0.0179211 0.99949 0 -0.132968 -0.0101549 0.0323035 1 
0.995933 -0.0836714 0.0334021 0 0.084 0.996429 -0.00855638 0 -0.0325669 0.0113274 0.999405 0 -0.139789 -0.0071418 0.0321723 1 
0.995542 -0.090219 0.0275228 0 0.0903076 0.995912 -0.00199266 0 -0.0272305 0.00446929 0.999619 0 -0.151722 -0.0055859 0.033499 1 
0.99466 -0.100975 0.0213322 0 0.10088 0.994883 0.0054884 0 -0.0217773 -0.00330709 0.999757 0 -0.16558 -0.00420732 0.0336887 1 
0.993712 -0.110645 0.017155 0 0.110444 0.993807 0.0122725 0 -0.0184066 -0.0103006 0.999777 0 -0.179526 -0.00212697 0.0328437 1 
0.993062 -0.115917 0.0197891 0 0.115621 0.993172 0.0155015 0 -0.0214509 -0.0131059 0.999684 0 -0.194909 -0.000918248 0.033265 1 
0.992846 -0.115091 0.0317791 0 0.11454 0.993243 0.0186614 0 -0.0337122 -0.0148879 0.999321 0 -0.205822 -0.00249366 0.0323974 1 
0.991377 -0.124969 0.0394212 0 0.123991 0.991933 0.0263682 0 -0.0423984 -0.021253 0.998875 0 -0.21933 0.00225973 0.0331578 1 
0.990117 -0.131094 0.049833 0 0.129849 0.991153 0.0274778 0 -0.0529943 -0.0207355 0.99838 0 -0.229084 0.00364435 0.0352763 1 
0.989053 -0.136146 0.0569163 0 0.134506 0.990405 0.0317186 0 -0.0606885 -0.0237157 0.997875 0 -0.23584 0.00116057 0.0376519 1 
0.988466 -0.142241 0.0519862 0 0.140313 0.989337 0.0390427 0 -0.0569854 -0.031298 0.997884 0 -0.251174 0.00892884 0.0340804 1 
0.987199 -0.148814 0.0573759 0 0.14704 0.988545 0.0340218 0 -0.0617816 -0.0251497 0.997773 0 -0.263252 0.00841973 0.0374255 1 
0.985864 -0.15337 0.0674485 0 0.151321 0.987881 0.0345387 0 -0.0719283 -0.0238441 0.997125 0 -0.277085 0.00879949 0.0373971 1 
0.984273 -0.153966 0.0866101 0 0.151388 0.987832 0.0356286 0 -0.0910419 -0.0219565 0.995605 0 -0.283817 0.0124958 0.0416075 1 
0.984273 -0.153966 0.0866101 0 0.151388 0.987832 0.0356286 0 -0.0910419 -0.0219565 0.995605 0 -0.283817 0.0124958 0.0416075 1 
0.982503 -0.160216 0.0949631 0 0.157704 0.98692 0.0334456 0 -0.0990795 -0.0178844 0.994919 0 -0.294667 0.0119918 0.0423869 1 
0.980849 -0.167451 0.0994744 0 0.164836 0.985735 0.0340075 0 -0.10375 -0.0169593 0.994459 0 -0.301951 0.0117395 0.0441411 1 
0.978995 -0.17731 0.100647 0 0.174417 0.983979 0.0369232 0 -0.105582 -0.0185931 0.994237 0 -0.313314 0.0128545 0.044567 1 
0.9775 -0.18146 0.107543 0 0.178431 0.983248 0.0372301 0 -0.112497 -0.0172036 0.993503 0 -0.324303 0.0137693 0.0442277 1 
0.975655 -0.183347 0.120339 0 0.180334 0.982962 0.0355647 0 -0.124809 -0.0129978 0.992096 0 -0.335029 0.012174 0.0428234 1 
0.972312 -0.188903 0.137568 0 0.185433 0.981932 0.0377373 0 -0.142211 -0.0111827 0.989773 0 -0.339966 0.0150833 0.0441948 1 
0.971139 -0.186793 0.148314 0 0.183987 0.98239 0.0325423 0 -0.15178 -0.00431538 0.988405 0 -0.342233 0.0145004 0.0482539 1 
0.972292 -0.180028 0.149126 0 0.177688 0.98366 0.0289771 0 -0.151906 -0.00167627 0.988394 0 -0.347732 0.0135982 0.0484171 1 
0.972627 -0.176272 0.151409 0 0.17444 0.98434 0.0254087 0 -0.153516 0.00169851 0.988145 0 -0.351919 0.0158931 0.0474914 1 
0.972654 -0.173335 0.154595 0 0.173346 0.984768 0.0135164 0 -0.154583 0.0136516 0.987885 0 -0.359998 0.0134788 0.0467492 1 
0.970389 -0.174126 0.167408 0 0.175377 0.984474 0.00739933 0 -0.166098 0.0221793 0.98586 0 -0.364031 0.0109734 0.0475613 1 
0.968645 -0.172242 0.179052 0 0.17398 0.98473 0.00607432 0 -0.177364 0.0252676 0.983821 0 -0.36313 0.0089725 0.0499822 1 
0.966311 -0.179485 0.18447 0 0.181023 0.983441 0.00861298 0 -0.182961 0.0250704 0.9828 0 -0.364848 0.00796322 0.050357 1 
0.966311 -0.179485 0.18447 0 0.181023 0.983441 0.00861298 0 -0.182961 0.0250704 0.9828 0 -0.364848 0.00796322 0.050357 1 
0.964503 -0.186184 0.187269 0 0.186637 0.982309 0.0153685 0 -0.186817 0.0201283 0.982188 0 -0.363912 0.010137 0.0500767 1 
0.964175 -0.187951 0.187194 0 0.188303 0.98198 0.0160636 0 -0.186839 0.0197609 0.982192 0 -0.362703 0.0119139 0.0489037 1 
0.962888 -0.193244 0.188423 0 0.193658 0.980932 0.0163916 0 -0.187998 0.0207064 0.981951 0 -0.361765 0.0111858 0.0480916 1 
0.9626 -0.193314 0.189819 0 0.193394 0.980951 0.018285 0 -0.189737 0.0191085 0.981649 0 -0.357752 0.0150641 0.0495684 1 
0.962396 -0.194192 0.189954 0 0.194405 0.980762 0.0176945 0 -0.189736 0.019899 0.981633 0 -0.35528 0.0177232 0.0482212 1 
0.961264 -0.1973 0.192469 0 0.198022 0.980072 0.0156739 0 -0.191726 0.0230462 0.981178 0 -0.347043 0.0205721 0.0502148 1 
0.961926 -0.198129 0.188263 0 0.199639 0.979807 0.0111024 0 -0.186661 0.026905 0.982056 0 -0.341755 0.0213139 0.0511312 1 
0.96169 -0.200703 0.186739 0 0.20325 0.979111 0.00560787 0 -0.183964 0.0325617 0.982394 0 -0.335227 0.0252198 0.050704 1 
0.962195 -0.197955 0.187067 0 0.202289 0.979317 -0.00417043 0 -0.182372 0.0418542 0.982338 0 -0.323914 0.021272 0.0550207 1 
0.962195 -0.197955 0.187067 0 0.202289 0.979317 -0.00417043 0 -0.182372 0.0418542 0.982338 0 -0.323914 0.021272 0.0550207 1 
0.963028 -0.198374 0.182278 0 0.20262 0.979246 -0.00478091 0 -0.177546 0.0415373 0.983235 0 -0.314238 0.0246899 0.0558487 1 
0.964181 -0.194135 0.18074 0 0.199351 0.979867 -0.0109791 0 -0.17497 0.0466166 0.98347 0 -0.29839 0.0240876 0.061092 1 
0.967994 -0.18868 0.165489 0 0.193977 0.98087 -0.0163051 0 -0.159247 0.0478843 0.986077 0 -0.287084 0.0215666 0.0647537 1 
0.969975 -0.186218 0.15643 0 0.191731 0.981227 -0.0207909 0 -0.149622 0.0501593 0.98747 0 -0.281459 0.0213235 0.0639272 1 
0.971102 -0.17875 0.158143 0 0.18509 0.982372 -0.0261918 0 -0.150673 0.0547056 0.987069 0 -0.265744 0.014102 0.0687285 1 
0.973478 -0.171866 0.151004 0 0.176702 0.984079 -0.0191122 0 -0.145315 0.045288 0.988348 0 -0.250967 0.0108791 0.0732025 1 
0.975577 -0.163942 0.146194 0 0.167775 0.985723 -0.014201 0 -0.141779 0.0383819 0.989154 0 -0.238464 0.0158295 0.0726679 1 
0.977903 -0.150213 0.145401 0 0.154466 0.987828 -0.0183458 0 -0.140875 0.0403998 0.989203 0 -0.217892 0.0093188 0.0831183 1 
0.981544 -0.145449 0.124158 0 0.147647 0.989002 -0.00863905 0 -0.121536 0.026811 0.992225 0 -0.207579 0.0131442 0.0820386 1 
0.984412 -0.138033 0.108998 0 0.140299 0.990019 -0.0133632 0 -0.106065 0.0284472 0.993952 0 -0.206501 0.0203353 0.0795186 1 
0.98348 -0.127977 0.128017 0 0.133013 0.990612 -0.0315611 0 -0.122776 0.0480677 0.99127 0 -0.189726 0.0129355 0.0850454 1 
0.983509 -0.115999 0.138762 0 0.12217 0.991827 -0.0367798 0 -0.133362 0.0531258 0.989643 0 -0.168448 0.0132356 0.0890323 1 
0.984721 -0.103393 0.140123 0 0.110499 0.992906 -0.043896 0 -0.134591 0.0587087 0.989161 0 -0.153698 0.0151164 0.0917159 1 
0.984736 -0.0929832 0.147137 0 0.101692 0.993414 -0.0527991 0 -0.141259 0.0669558 0.987706 0 -0.129761 0.00990655 0.100821 1 
0.989754 -0.0825786 0.116484 0 0.0892083 0.994608 -0.0528908 0 -0.111488 0.0627402 0.991783 0 -0.117705 0.0088624 0.100586 1 
0.989754 -0.0825786 0.116484 0 0.0892083 0.994608 -0.0528908 0 -0.111488 0.0627402 0.991783 0 -0.117705 0.0088624 0.100586 1 
0.99321 -0.0690257 0.0936479 0 0.0746109 0.995553 -0.0575082 0 -0.0892619 0.0641049 0.993943 0 -0.101959 0.0029924 0.0952723 1 
0.994718 -0.0596033 0.0835718 0 0.0643234 0.996414 -0.0549705 0 -0.0799957 0.0600558 0.994984 0 -0.0884022 0.00304666 0.0983373 1 
0.996327 -0.0444525 0.0731898 0 0.0485549 0.997291 -0.0552596 0 -0.0705351 0.0586104 0.995786 0 -0.0706732 -0.000985115 0.0955321 1 
0.997734 -0.0228604 0.0632788 0 0.0262032 0.998276 -0.0525116 0 -0.0619693 0.0540507 0.996613 0 -0.0628731 -0.000786606 0.0937875 1 
0.997619 -0.00443503 0.068826 0 0.00799616 0.998638 -0.0515522 0 -0.0685037 0.0519798 0.996296 0 -0.0432648 -3.42415e-05 0.0944408 1 
0.99795 0.00865316 0.0634075 0 -0.00542881 0.998692 -0.0508483 0 -0.0637645 0.0503998 0.996692 0 -0.0220997 -0.000405848 0.098517 1 
0.998815 0.0230998 0.0428341 0 -0.0209345 0.998513 -0.0503276 0 -0.043933 0.0493712 0.997814 0 -0.00805164 -0.00461156 0.0910685 1 
0.998763 0.0404328 0.0289434 0 -0.0389102 0.997922 -0.0513639 0 -0.0309601 0.0501742 0.99826 0 0.00882587 -0.00496182 0.0861883 1 
0.998397 0.055864 0.00912137 0 -0.0552874 0.996984 -0.0544628 0 -0.0121364 0.0538712 0.998474 0 0.0208089 -0.00498871 0.0895355 1 
0.997534 0.0695831 -0.00919782 0 -0.0699626 0.996252 -0.0508581 0 0.00562449 0.0513762 0.998664 0 0.0249745 -0.00641708 0.0920604 1 
0.996538 0.082302 -0.0117356 0 -0.0827481 0.995568 -0.0446835 0 0.00800607 0.0454999 0.998932 0 0.0409827 -0.00362886 0.0921837 1 
0.995156 0.0952411 -0.0243461 0 -0.0963398 0.994149 -0.0488504 0 0.0195511 0.0509593 0.998509 0 0.0538818 -0.00591655 0.0937852 1 
0.993821 0.106363 -0.0317181 0 -0.107792 0.993043 -0.0473992 0 0.026456 0.0505253 0.998372 0 0.0681679 -0.00197546 0.095229 1 
0.992732 0.111735 -0.044696 0 -0.113941 0.992213 -0.0502989 0 0.0387278 0.0550261 0.997734 0 0.0851104 -0.000580943 0.0943028 1 
0.990924 0.116219 -0.0675511 0 -0.120093 0.991158 -0.0564237 0 0.0603962 0.064024 0.996119 0 0.0982433 -0.00146299 0.0970727 1 
0.988275 0.1223 -0.0914125 0 -0.127809 0.990157 -0.0570451 0 0.0835361 0.0680596 0.994178 0 0.104001 0.00594397 0.102487 1 
0.985755 0.129817 -0.106937 0 -0.137874 0.987849 -0.0717287 0 0.0963259 0.0854507 0.991675 0 0.118345 0.0030868 0.104823 1 
0.982502 0.134039 -0.129315 0 -0.144468 0.98667 -0.0749117 0 0.11755 0.0922828 0.98877 0 0.121279 0.00415482 0.10772 1 
0.982502 0.134039 -0.129315 0 -0.144468 0.98667 -0.0749117 0 0.11755 0.0922828 0.98877 0 0.121279 0.00415482 0.10772 1 
0.980784 0.139737 -0.13615 0 -0.151206 0.985432 -0.0778476 0 0.123289 0.0969383 0.987625 0 0.13276 0.00524703 0.108128 1 
0.978677 0.146584 -0.143888 0 -0.160176 0.98317 -0.0878674 0 0.128587 0.109041 0.985685 0 0.145031 0.00330606 0.108977 1 
0.975573 0.149883 -0.160599 0 -0.166626 0.9813 -0.0963626 0 0.143152 0.120769 0.982305 0 0.151389 -0.00288885 0.111895 1 
0.971804 0.154887 -0.177782 0 -0.173599 0.980229 -0.0949442 0 0.159561 0.12313 0.979479 0 0.160414 -0.00279154 0.112436 1 
0.966855 0.163601 -0.196026 0 -0.184538 0.978351 -0.0936721 0 0.176457 0.126741 0.976114 0 0.166391 0.000765763 0.111144 1 
0.963515 0.167363 -0.208874 0 -0.192161 0.975777 -0.104566 0 0.186314 0.140889 0.972336 0 0.172595 -0.0105697 0.112361 1 
0.961495 0.166982 -0.218276 0 -0.19073 0.977271 -0.0925374 0 0.197863 0.130606 0.97149 0 0.172417 -0.0111746 0.11261 1 
0.95899 0.174535 -0.22333 0 -0.197637 0.976541 -0.0854838 0 0.203171 0.126116 0.970987 0 0.172696 -0.0110274 0.110735 1 
0.954717 0.194031 -0.225537 0 -0.217094 0.972686 -0.082172 0 0.203433 0.127414 0.970763 0 0.17548 -0.00529576 0.107976 1 
0.95246 0.199792 -0.230008 0 -0.223461 0.971286 -0.0816594 0 0.207089 0.129175 0.969757 0 0.173815 -0.00693605 0.107457 1 
0.95454 0.192873 -0.227274 0 -0.215646 0.973205 -0.0798083 0 0.205792 0.125191 0.970555 0 0.171888 -0.00822446 0.104954 1 
0.956579 0.185268 -0.225016 0 -0.207112 0.975243 -0.0774956 0 0.205088 0.120734 0.971268 0 0.169125 -0.00897913 0.101435 1 
0.957606 0.181234 -0.22393 0 -0.200542 0.977424 -0.0665264 0 0.206818 0.108613 0.972332 0 0.156725 0.00171842 0.101299 1 
0.96143 0.167528 -0.218143 0 -0.186939 0.979769 -0.0714663 0 0.201757 0.109489 0.973297 0 0.144225 -0.00218255 0.101914 1 
0.968573 0.152834 -0.196235 0 -0.169422 0.983009 -0.0706308 0 0.182106 0.101658 0.97801 0 0.13863 -0.000861077 0.0969172 1 
0.968573 0.152834 -0.196235 0 -0.169422 0.983009 -0.0706308 0 0.182106 0.101658 0.97801 0 0.13863 -0.000861077 0.0969172 1 
0.97427 0.135131 -0.180382 0 -0.14987 0.986175 -0.0706898 0 0.168336 0.0959048 0.981053 0 0.129334 0.00186182 0.0968677 1 
0.978162 0.116061 -0.172423 0 -0.129994 0.988911 -0.0718114 0 0.162177 0.0926572 0.982402 0 0.118183 0.00266756 0.0955814 1 
0.980874 0.0937553 -0.170574 0 -0.107465 0.991527 -0.0729813 0 0.162286 0.0899162 0.982638 0 0.0991272 0.00635668 0.0949481 1 
0.98436 0.0727573 -0.160445 0 -0.086717 0.99287 -0.0817854 0 0.153351 0.0944196 0.983651 0 0.088245 0.0052519 0.0925776 1 
0.986072 0.0558439 -0.156666 0 -0.0701786 0.993689 -0.0875093 0 0.15079 0.097285 0.983767 0 0.0711425 0.000559072 0.0925405 1 
0.988834 0.0404557 -0.143423 0 -0.0522765 0.995453 -0.0796318 0 0.139549 0.0862403 0.986453 0 0.0521246 0.00607062 0.0891849 1 
0.991727 0.0303274 -0.124734 0 -0.0405228 0.995969 -0.080029 0 0.121804 0.0844215 0.988957 0 0.0371684 0.0107242 0.0889896 1 
0.994328 0.020456 -0.104375 0 -0.0291369 0.996179 -0.082336 0 0.102292 0.0849101 0.991124 0 0.0228165 0.00954253 0.0879725 1 
0.997146 0.00649555 -0.0752193 0 -0.01257 0.99667 -0.0805675 0 0.0744455 0.0812831 0.993907 0 0.00917402 0.0151795 0.0867799 1 
0.998559 -0.0146277 -0.0516265 0 0.0103725 0.996599 -0.0817491 0 0.0526467 0.0810958 0.995315 0 -0.00556872 0.0148334 0.0857082 1 
0.999062 -0.0314191 -0.0298082 0 0.0290456 0.99661 -0.0769673 0 0.0321254 0.0760293 0.996588 0 -0.0214931 0.0184916 0.0836059 1 
0.999014 -0.042347 -0.0133239 0 0.0412452 0.996386 -0.0742579 0 0.0164203 0.0736351 0.99715 0 -0.0372941 0.0241773 0.0814668 1 
0.998489 -0.0541568 0.00928695 0 0.0547291 0.995263 -0.0803469 0 -0.00489164 0.0807338 0.996724 0 -0.0450327 0.0238675 0.0788925 1 
0.997988 -0.0559152 0.0298768 0 0.0582527 0.99475 -0.0841398 0 -0.0250153 0.085711 0.996006 0 -0.0572723 0.0256225 0.0785718 1 
0.997119 -0.0567225 0.0503676 0 0.0609355 0.994388 -0.0864798 0 -0.0451796 0.0892998 0.99498 0 -0.0667809 0.0302396 0.0780916 1 
0.997119 -0.0567225 0.0503676 0 0.0609355 0.994388 -0.0864798 0 -0.0451796 0.0892998 0.99498 0 -0.0667809 0.0302396 0.0780916 1 
0.995562 -0.0667481 0.0663473 0 0.0726032 0.993278 -0.0901558 0 -0.0598835 0.0945726 0.993715 0 -0.0766412 0.0332566 0.0781528 1 
0.993971 -0.0730459 0.0817727 0 0.0805212 0.99248 -0.0921957 0 -0.0744232 0.0982243 0.992378 0 -0.0801345 0.0353899 0.0795163 1 
0.993073 -0.0760226 0.0895962 0 0.0846546 0.991693 -0.0968468 0 -0.0814894 0.103761 0.991258 0 -0.0797521 0.0386043 0.079973 1 
0.992329 -0.0852512 0.0895252 0 0.0945721 0.989898 -0.105632 0 -0.0796156 0.113288 0.990367 0 -0.0813489 0.0379252 0.0821862 1 
0.992404 -0.0877074 0.086269 0 0.0973868 0.988549 -0.115266 0 -0.0751714 0.122792 0.989581 0 -0.0837976 0.0343654 0.0824053 1 
0.992314 -0.0897755 0.0851705 0 0.0995755 0.98791 -0.11882 0 -0.0734737 0.126388 0.989256 0 -0.0874685 0.0317412 0.0827758 1 
0.992254 -0.090158 0.0854611 0 0.100059 0.987755 -0.119704 0 -0.0736223 0.127328 0.989125 0 -0.0885163 0.0274031 0.0826249 1 
0.992207 -0.0883407 0.0878655 0 0.098551 0.987917 -0.119612 0 -0.0762372 0.127339 0.988925 0 -0.0906354 0.0216463 0.0823278 1 
0.992021 -0.0878548 0.0904191 0 0.0976692 0.989059 -0.110555 0 -0.0797171 0.118504 0.989748 0 -0.0909267 0.0218152 0.08158 1 
